3054323234345050
503050145230
14343210145254123430
3010523054123414
52103412545434343032
541210305252
543030523030
52545230525030
5050345030125430
301254105012341432
10321050343432
14545232125454343214
3012101212
501030101250
54101434545252543250
5010141032105430
34123032101210341054
141450343234145012
303214145010
12141232341412523210
32121454521014
505052303212545232
1250121212123452
30305014301234
3234305414105010
32341052521454
30105434345010
12501430123214105014
5254121050
5232545412
523234321232541210
521452325052121432
32141410341232343052
1230121450503212
30545010103012143234
14525014545232
32345434345434143052
121452321414
34145412125432143412
30543410303254
1014145430
54105414341430103010
3450101252
321450301432303452
523034523454543410
505452503214505254
125014503250345212
5230541052103250
141412345014123010
3252123010
5032343030
5432121050
3250541430
10101452541432
14103410301034
32325034505430
103050305012
52525412345454105254
541012101010101052
305032125234345012
12525050541030
5434545412341454
34305232141254105012
30123454543054121230
123010123434
1034503430543414
10105010505210
101054525032123414
1052123250
503232345230325434
103450145252143010
543012543012
321410123054345432
1432545010
123230345034
3252345410141030
34125432521032
525414143432101230
123252101014501054
30143232503052
5254143014
50303414505412103050
54343454521214123234
14303412525250
50145050301250
1230525012
121414145250125034
14301054143214
32145254145250141432
5452503034
34545032501212
12105214105230
1234523430
103254325450
14305214103414503454
505254305454505452
325054321034
145050523030541234
121012323252
32303034341432