3115315313155
535353513315
3315135115335
313531355333113555
1111315155315555535
3313551335131133111
151355155311
5131155315155
355155151515
15355113333155
333311553535533
35151333333333
335153531113553331
35513315333355
11531551515151331
31113313551
1111515335311315133
31553333355133113
1115151551153355131
535351331331335313
51331351533333153
3515153533513515
11551353111
331551111111133533
1353335135331
3155355351133
53153313355
1353153111
51151531553355313
53553153355531515
3533513331111131313
555515135511131
31133333335511335
5531535535311353
35355113153511555115
55513311115151
31353511553
533355553151
5155351355355151
3531313115
5155533533
353531113355351133
133131351315
1531131355111315
33153355333131
3155511555333331555
5535533351355
3133535535511133
13331131555
35555553335535
0422440420
0220224402240400
22002224220200
024044400242040
44000402402042224044
2400022022044220404
2040222042202022400
022002204442404
4222402224444240424
4242440242420042240
0442244022002
4022200024022
02024002420424
0420244444
400442244022042200
00002444404
20024420222402440
042000020400440444
0024402000040
2020000242
240000422202242244
40002244220002444
4240400424202
40042222022402420
2202022002442224224
0402200020204024
2244202024400440
222004022040
20440442240
0024200404042024400
0404240042440440022
020440040420
4244002404220400000
2044444220
02242020204404240042
2222040220440
2024020222444204044
04400222020240444
0442424000240
00404200440
4400240042220024022
40422242440242244
42240422204020
0242204024220422020
222220204404
2022040220022442
4402024404400042442
024200042240
2000204024200
44244400442402400422